Greg,L1,5,23,5,5,5
Jane,L1,5,23,5,5,5
bob,L1,13,20,5,5,5
Jack,L1,6,22,5,5,5
Mac,L3,103,10,8,8,8
Newb,L2,103,12,6,6,6
Jess,L7,82,10,11,11,11
Vinson,L6,82,6,10,10,10
Noob1,L5,82,9,9,9,9
Jake,L1,5,23,5,5,5
Noob2,L4,103,4,8,8,8
Noob3,L9,95,15,13,13,13
Dave',L1,5,23,5,5,5
Ets,L1,5,23,5,5,5
Test1,L5,82,10,9,9,9
Dave,L20,86,11,30,30,30
Test123,L1,5,23,5,5,5
Blah123,L1,5,23,5,5,5
New123,L1,5,23,5,5,5
BobNew,L1,5,23,5,5,5
Gwapa,L1,5,23,5,5,5
123e,L1,5,23,5,5,5
SSPslayer101,L1,5,23,5,5,5
Bob,L20,5,21,100,100,100
